











12403




















12695




















12986




















13132




















13278




















13424




















13716




















13862




















14254




















14154




















14446




















14848




















14737




















15029




















15175




















15321













11668




















12441




















10603




















9856




















9945




















10124




















10214




















10009




















14848




















16916




















15536




















15974




















14679




















12595




















11110




















12160




















12679




















11468




















11558




















11489




















14640




















15093




















18316




















20341




















18370




















11742




















12544




















12359




















12446




















12533




















13081




















12794




















12881




















13350




















13529




















14008




















17625




















14586




















13977




















13665




















13752




















13839




















14013




















14100




















18360




















19852




















18273




















14963




















15052




















15667




















15759




















15851




















16128




















30638




















20843




















19594




















16128




















16217




















16773




















16865




















17049




















17141




















29680




















23582




















17510




















21025




















18186




















21245




















18063




















18659




















18754




















18944




















18524




















18708




















18892




















18984




















19077




















22896




















22579




















19445




















23336




















23447




















19264




















18800




















19998




















20090




















20275




















20367




















20459




















20643




















20736




















21985




















20920




















22863




















25318




















21288




















20787




















22164




















28876




















27187




















21841




















21504




















41336




















21683




















27484




















25715




















22041




















22763




















22947




















25600




















28272




















30440




















31861




















30681




















0




















266




















276




















440




















499




















609




















716




















783




















844




















1044




















1131




















1254




















1766




















1871




















1566




















1881




















1858




















2001




















2088




















2329




















2508




















2746




















2856




















3041




















3133




















3225




















3409




















3502




















3594




















3778




















6881




















4403




















4843




















4239




















4812




















5160




















5393




















5483




















5020




















4700




















5017




















5107




















5196




















5437




















6090




















5713




















6289




















6881




















6082




















6003




















7485




















6272




















6543




















6451




















6727




















8256




















6809




















7096




















7188




















7464




















7557




















9136




















7833




















7925




















8017




















8064




















7920




















7536




















7856




















10214




















10567




















23887




















24437




















24084




















24192




















24407




















24514




















24622




















24729




















25538




















25052




















25758




















25978




















25482




















25589




















21414




















21593




















21683




















26749




















34979




















41564




















27189




















27299




















23585




















27630




















23224




















3727




















563




















2764




















4608




















1474




















18411




















9338




















9338




















3655




















13547




















10106




















7987




















2918




















5447




















13547




















7434




















9338




















4280




















1433




















6348




















4915




















5734




















8192




















2662




















11479




















3584




















563




















7372




















6758




















5969




















7587




















2928




















9031




















7485




















5079




















1802




















9369




















8448




















13045




















7434




















1024




















0




















5632




















583




















17920




















16312




















0




















1126




















8192




















3502




















1228




















0




















5734




















5427




















4300




















5120




















337




















5632




















4403




















5836




















5734




















5836




















6041




















5222




















5632




















0




















6348




















5734




















563




















901




















6144




















4280




















16281




















6922




















13271




















17776




















10362




















14366




















13568




















7680




















2816




















13056




















13056




















3194




















11489




















3328




















6451




















9338




















11550




















6635




















3686




















368




















3481




















112




















0




















5529




















6348




















4710




















5632




















5836




















6144




















6451




















1013




















337




















6246




















5324




















5427




















6348




















5017




















5120




















563




















6144




















112




















337




















6246




















9461




















12533




















5632




















8355




















1280




















2611




















573




















563




















3266




















706




















4239




















4915




















8448




















675




















5939




















5836




















